918
495
491
2119
2880
1563
320
2052
1707
2733
212
2833
1969
2676
1615
776
103
1788
2346
2531
137
2850
378
913
1756
120
2264
1002
223
1033
2341
480
2928
2250
730
783
2273
2994
954
1024
571
64
530
2423
2586
1349
3057
77
2368
1930
42
2679
2155
982
2836
2370
1329
2821
146
95
1625
2530
1744
1212
3087
1974
884
1276
2578
259
895
724
2120
181
1431
2700
2051
1439
2053
1428
1213
2388
2117
2814
2178
2982
136
1098
2473
1919
86
2243
2122
581
2932
101
1936
1869
907
57
2276
978
1981
165
838
2509
1564
580
1206
2138
1610
83
2272
2329
249
54
2311
1125
3035
266
1746
687
2616
689
1380
236
2131
2377
789
1395
2380
1180
350
1433
2684
447
1735
2420
3055
1451
1910
976
471
401
774
312
2855
1831
2978
3050
