1407
2911
890
618
2792
2955
2828
2989
2834
1646
1810
1784
1690
2708
2723
1533
1476
90
468
1121
396
1779
569
2312
1378
2547
118
831
1158
198
123
2046
2339
1611
2005
589
1540
948
1346
762
1662
897
518
791
47
420
1445
704
1139
1896
2886
1892
242
1948
747
2597
543
1401
97
206
461
1884
56
625
1260
324
1226
1957
318
677
781
14
294
1944
1174
313
2224
131
376
220
2454
3056
96
1474
682
55
778
2118
92
2569
597
1429
1197
665
1441
341
1240
1551
629
2128
1081
1494
1791
733
1619
1747
1247
2212
2617
389
2985
1702
1131
2748
3109
155
2096
1582
2793
1644
38
627
36
327
1031
2499
894
203
1370
303
943
2730
239
29
2262
2901
1012
1708
1430
161
591
371
2372
2411
10
2820
1485
2598
1583
187
918
495
491
2119
2880
1563
320
2052
1707
2733
212
2833
1969
2676
1615
776
103
1788
2346
2531
137
2850
378
913
1756
120
2264
1002
223
1033
2341
480
2928
2250
730
783
2273
2994
954
1024
571
64
530
2423
2586
1349
3057
77
2368
1930
42
2679
2155
982
2836
2370
1329
2821
146
95
1625
2530
1744
1212
3087
1974
884
1276
2578
259
895
724
2120
181
1431
2700
2051
1439
2053
1428
1213
2388
2117
2814
2178
2982
136
1098
2473
1919
86
2243
2122
581
2932
101
1936
1869
907
57
2276
978
1981
165
838
2509
1564
580
1206
2138
1610
83
2272
2329
249
54
2311
1125
3035
266
1746
687
2616
689
1380
236
2131
2377
789
1395
2380
1180
350
1433
2684
447
1735
2420
3055
1451
1910
976
471
401
774
312
2855
1831
2978
3050
